# GMT Wed May  7 00:22:54 2025
# 
0 1 2 3 4
1 2 3 4 5
2 3 4
3 4
4
5 6 7 8 9
6 7 8 9 10
7 8 9
8 9
9
10 11 12 13 14
11 12 13 14 15
12 13 14
13 14
14
15 16 17 18 19
16 17 18 19 20
17 18 19
18 19
19
20 21 22 23 24
21 22 23 24 25
22 23 24
23 24
24
25 26 27 28 29
26 27 28 29 30
27 28 29
28 29
29
30 31 32 33 34
31 32 33 34 35
32 33 34
33 34
34
35 36 37 38 39
36 37 38 39 40
37 38 39
38 39
39
40 41 42 43 44
41 42 43 44 45
42 43 44
43 44
44
45 46 47 48 49
46 47 48 49 50
47 48 49
48 49
49
50 51 52 53 54
51 52 53 54 55
52 53 54
53 54
54
55 56 57 58 59
56 57 58 59 60
57 58 59
58 59
59
60 61 62 63 64
61 62 63 64 65
62 63 64
63 64
64
65 66 67 68 69
66 67 68 69 70
67 68 69
68 69
69
70 71 72 73 74
71 72 73 74 75
72 73 74
73 74
74
75 76 77 78 79
76 77 78 79 80
77 78 79
78 79
79
80 81 82 83 84
81 82 83 84 85
82 83 84
83 84
84
85 86 87 88 89
86 87 88 89 90
87 88 89
88 89
89
90 91 92 93 94
91 92 93 94 95
92 93 94
93 94
94
95 96 97 98 99
96 97 98 99 100
97 98 99
98 99
99
100 101 102 103 104
101 102 103 104 105
102 103 104
103 104
104
105 106 107 108 109
106 107 108 109 110
107 108 109
108 109
109
110 111 112 113 114
111 112 113 114 115
112 113 114
113 114
114
115 116 117 118 119
116 117 118 119 120
117 118 119
118 119
119
120 121 122 123 124
121 122 123 124 125
122 123 124
123 124
124
125 126 127 128 129
126 127 128 129 130
127 128 129
128 129
129
130 131 132 133 134
131 132 133 134 135
132 133 134
133 134
134
135 136 137 138 139
136 137 138 139 140
137 138 139
138 139
139
140 141 142 143 144
141 142 143 144 145
142 143 144
143 144
144
145 146 147 148 149
146 147 148 149 150
147 148 149
148 149
149
150 151 152 153 154
151 152 153 154 155
152 153 154
153 154
154
155 156 157 158 159
156 157 158 159 160
157 158 159
158 159
159
160 161 162 163 164
161 162 163 164 165
162 163 164
163 164
164
165 166 167 168 169
166 167 168 169 170
167 168 169
168 169
169
170 171 172 173 174
171 172 173 174 175
172 173 174
173 174
174
175 176 177 178 179
176 177 178 179 180
177 178 179
178 179
179
180 181 182 183 184
181 182 183 184 185
182 183 184
183 184
184
185 186 187 188 189
186 187 188 189 190
187 188 189
188 189
189
190 191 192 193 194
191 192 193 194 195
192 193 194
193 194
194
195 196 197 198 199
196 197 198 199 200
197 198 199
198 199
199
200 201 202 203 204
201 202 203 204 205
202 203 204
203 204
204
205 206 207 208 209
206 207 208 209 210
207 208 209
208 209
209
210 211 212 213 214
211 212 213 214 215
212 213 214
213 214
214
215 216 217 218 219
216 217 218 219 220
217 218 219
218 219
219
220 221 222 223 224
221 222 223 224 225
222 223 224
223 224
224
225 226 227 228 229
226 227 228 229 230
227 228 229
228 229
229
230 231 232 233 234
231 232 233 234 235
232 233 234
233 234
234
235 236 237 238 239
236 237 238 239 240
237 238 239
238 239
239
240 241 242 243 244
241 242 243 244 245
242 243 244
243 244
244
245 246 247 248 249
246 247 248 249 250
247 248 249
248 249
249
250 251 252 253 254
251 252 253 254 255
252 253 254
253 254
254
255 256 257 258 259
256 257 258 259 260
257 258 259
258 259
259
260 261 262 263 264
261 262 263 264 265
262 263 264
263 264
264
265 266 267 268 269
266 267 268 269 270
267 268 269
268 269
269
270 271 272 273 274
271 272 273 274 275
272 273 274
273 274
274
275 276 277 278 279
276 277 278 279 280
277 278 279
278 279
279
280 281 282 283 284
281 282 283 284 285
282 283 284
283 284
284
285 286 287 288 289
286 287 288 289 290
287 288 289
288 289
289
290 291 292 293 294
291 292 293 294 295
292 293 294
293 294
294
295 296 297 298 299
296 297 298 299 300
297 298 299
298 299
299
300 301 302 303 304
301 302 303 304 305
302 303 304
303 304
304
305 306 307 308 309
306 307 308 309 310
307 308 309
308 309
309
310 311 312 313 314
311 312 313 314 315
312 313 314
313 314
314
315 316 317 318 319
316 317 318 319 320
317 318 319
318 319
319
320 321 322 323 324
321 322 323 324 325
322 323 324
323 324
324
325 326 327 328 329
326 327 328 329 330
327 328 329
328 329
329
330 331 332 333 334
331 332 333 334 335
332 333 334
333 334
334
335 336 337 338 339
336 337 338 339 340
337 338 339
338 339
339
340 341 342 343 344
341 342 343 344 345
342 343 344
343 344
344
345 346 347 348 349
346 347 348 349 350
347 348 349
348 349
349
350 351 352 353 354
351 352 353 354 355
352 353 354
353 354
354
355 356 357 358 359
356 357 358 359 360
357 358 359
358 359
359
360 361 362 363 364
361 362 363 364 365
362 363 364
363 364
364
365 366 367 368 369
366 367 368 369 370
367 368 369
368 369
369
370 371 372 373 374
371 372 373 374 375
372 373 374
373 374
374
375 376 377 378 379
376 377 378 379 380
377 378 379
378 379
379
380 381 382 383 384
381 382 383 384 385
382 383 384
383 384
384
385 386 387 388 389
386 387 388 389 390
387 388 389
388 389
389
390 391 392 393 394
391 392 393 394 395
392 393 394
393 394
394
395 396 397 398 399
396 397 398 399 400
397 398 399
398 399
399
400 401 402 403 404
401 402 403 404 405
402 403 404
403 404
404
405 406 407 408 409
406 407 408 409 410
407 408 409
408 409
409
410 411 412 413 414
411 412 413 414 415
412 413 414
413 414
414
415 416 417 418 419
416 417 418 419 420
417 418 419
418 419
419
420 421 422 423 424
421 422 423 424 425
422 423 424
423 424
424
425 426 427 428 429
426 427 428 429 430
427 428 429
428 429
429
430 431 432 433 434
431 432 433 434 435
432 433 434
433 434
434
435 436 437 438 439
436 437 438 439 440
437 438 439
438 439
439
440 441 442 443 444
441 442 443 444 445
442 443 444
443 444
444
445 446 447 448 449
446 447 448 449 450
447 448 449
448 449
449
450 451 452 453 454
451 452 453 454 455
452 453 454
453 454
454
455 456 457 458 459
456 457 458 459 460
457 458 459
458 459
459
460 461 462 463 464
461 462 463 464 465
462 463 464
463 464
464
465 466 467 468 469
466 467 468 469 470
467 468 469
468 469
469
470 471 472 473 474
471 472 473 474 475
472 473 474
473 474
474
475 476 477 478 479
476 477 478 479 480
477 478 479
478 479
479
480 481 482 483 484
481 482 483 484 485
482 483 484
483 484
484
485 486 487 488 489
486 487 488 489 490
487 488 489
488 489
489
490 491 492 493 494
491 492 493 494 495
492 493 494
493 494
494
495 496 497 498 499
496 497 498 499
497 498 499
498 499
499
